-5.8955
84.3136
-38.6933
19.4491
98.4947
15.5702
-91.5178
45.0719
91.7261
-7.0789
46.8039
5.6095
51.9587
80.2513
-79.4217
-89.393
-62.6354
-30.4802
1.4702
91.0672
85.2515
76.1412
42.0022
52.1651
80.8485
42.6135
-84.5823
60.6202
-59.1685
75.5712
-35.4772
-4.1021
-54.7391
87.3856
48.2827
20.4899
-20.516
13.3265
83.4616
-63.6576
85.9865
72.0728
37.6573
1.1142
-89.2222
-12.8139
98.5578
68.8575
55.3031
27.8076
-35.2891
46.7461
-98.9924
-3.5782
-29.8378
-5.5169
2.7238
-99.3081
-65.749
-23.2749
-79.0141
0.3733
24.3544
-46.4943
54.3039
76.2083
-82.8903
66.7392
98.9236
-58.9946
43.7441
-86.7519
57.5631
-34.0969
42.6836
8.6908
60.612
72.5007
90.8032
-62.3843
25.4625
12.9213
56.9628
76.1636
24.1621
-59.9533
-76.1592
-69.9363
31.0495
38.2698
-24.616
-57.13
13.3365
63.116
31.8609
-47.1403
-65.5477
38.5967
-82.7858
-39.9425
-85.2512
-68.8811
-69.789
33.092
-35.3893
-34.3345
-26.1003
-51.5746
89.8644
34.7239
18.9313
-71.9533
41.7861
14.2798
-41.0057
82.8304
4.847
-39.5753
10.147
-22.5645
-52.8152
82.6327
36.0145
71.8897
-75.2003
-52.913
64.9066
-12.4312
87.3541
-19.1312
80.8211
-9.7398
-28.515
66.5073
-17.2297
21.2709
45.3775
-12.24
18.8204
42.9944
51.946
82.6316
-89.128
41.7962
-91.7606
12.3727
-61.4367
45.2886
41.3087
88.754
-25.0385
-1.353
58.908
-75.7461
84.2218
-24.3057
-17.3132
75.947
-81.9822
0.9364
-4.361
87.3451
-72.6315
-33.0342
-73.531
51.9998
8.0946
-72.0687
-70.0958
71.7259
-85.8597
-16.4272
98.7604
72.4674
-26.8867
72.2797
53.534
93.9877
45.2435
-0.0234
-88.6672
-18.6598
19.204
-79.3636
25.7031
70.5136
97.5697
-27.1424
-32.2173
-77.9045
2.4367
-32.994
-91.7477
-96.9125
-78.5089
-13.9992
-21.2216
-21.7414
36.1363
54.7022
68.7998
-96.3151
-42.5595
20.0613
-75.5274
-0.4273
1.4696
-78.1642
-28.0843
-99.0691
69.0354
8.4001
8.13
-96.6196
58.5101
89.7011
-87.8334
-27.4341
81.8174
89.6637
-90.0729
25.3313
1.3678
-68.4409
-48.1336
28.9903
-20.4234
50.6076
85.0708
80.2262
-86.2824
-69.785
-98.4609
41.1954
-45.2612
-24.9658
-52.0302
8.2954
15.8894
-7.525
-82.6428
-60.437
-72.1182
-97.5275
-67.7864
34.0806
-92.935
-49.7763
83.7854
-76.1704
-7.6705
-41.5486
69.5909
67.2681
67.8663
35.6655
67.2069
85.7053
-85.0923
-29.0815
-13.6817
82.813
-39.7834
73.8293
75.0904
16.5417
-9.3944
19.3356
-45.0305
-10.0493
40.4729
64.4672
-81.489
-99.8003
-61.8273
81.926
-71.5352
94.5846
-11.7856
31.5999
69.8728
42.8868
-58.856
63.4185
-80.7033
49.6116
15.1783
-24.8287
-40.8479
94.1558
-82.6062
83.1209
60.7395
28.6866
-84.9737
11.821
-70.282
56.4597
-24.0991
-96.3637
97.1437
-79.6264
36.7203
50.9749
9.1905
-79.3351
95.4023
90.0089
-94.3341
26.6928
70.5583
29.8384
-0.4126
24.9798
-30.5131
58.3901
-62.699
-83.1364
99.007
-39.4306
19.8324
49.3888
91.4682
-79.8268
70.3156
-60.7656
-21.4638
-36.3475
87.3603
24.5138
34.4988
36.5118
-94.0188
51.5754
-80.557
-22.0174
-58.9658
-74.6404
-81.1815
-13.0802
-55.9714
-43.6519
92.6712
49.716
7.8766
14.0387
-6.1876
25.6138
-16.0013
-17.5587
-58.2268
-86.9811
-88.5188
3.3749
49.7855
-66.901
8.2102
62.6018
-59.9218
-50.1966
-2.1212
62.7905
99.9723
37.717
-98.5205
-6.0614
-20.9705
70.8504
77.7711
88.1508
65.964
14.6929
61.3479
44.1472
50.3873
-76.1039
62.2781
-27.0414
-28.9275
37.3893
-55.6784
46.4913
94.6814
-60.4457
41.0021
-6.2509
-61.6191
25.7798
-26.4527
78.5469
-13.5285
91.5918
-53.5281
45.959
81.4597
-46.833
0.3362
58.8483
90.8891
46.3619
23.1378
-56.4057
-56.4712
-22.5808
33.5336
-24.1928
54.5351
-67.6306
-26.3456
-85.4326
-2.8879
-84.0907
-18.6226
51.7459
-58.4212
83.1365
-75.1748
39.1242
70.8948
98.5996
-47.4103
6.5602
61.6036
-80.0859
56.0425
33.1829
8.6283
82.1124
-14.4404
28.4007
-25.0763
-50.9167
-75.4548
-41.0131
77.6605
88.5157
-39.6633
52.1025
-86.0028
-77.9505
62.4711
-38.4848
-12.0452
-21.8947
56.0268
-99.7228
20.0851
60.9827
28.1819
-85.4452
36.083
9.9688
-87.7233
-38.4076
43.0727
-15.6423
42.092
42.3272
16.6759
-4.4294
-33.7879
62.8112
-50.1177
19.3141
-59.7945
29.5618
-66.0215
-58.4581
-80.7606
89.1693
66.4717
-81.9382
-52.6621
78.2944
29.6869
33.4949
-61.8303
-50.1508
90.8581
94.2973
99.8306
-5.6223
-70.1369
2.8896
-4.7547
-98.0597
-31.1629
-64.219
7.0623
1.1688
28.8115
-37.3415
-14.3666
62.1377
-79.2049
47.8001
67.4772
48.9505
36.5189
-70.0286
31.4398
-25.6376
-66.6985
75.1425
-80.485
52.8281
-54.8459
-51.522
57.3948
-59.3614
-70.5221
23.9148
99.3524
-93.0397
-86.9433
82.9771
-27.0189
-0.5712
89.5885
-81.0342
22.2295
85.8187
69.8334
65.317
-70.1427
-66.4642
71.8267
52.709
-95.4685
44.1811
59.2622
0.866
-93.2952
-46.5167
82.1688
-78.7882
-35.8264
-79.359
19.6631
-25.75
-99.9714
19.7365
-70.7839
-99.9397
-30.5967
-9.2186
-54.3918
24.6957
-7.5546
-76.571
-8.7738
-49.615
86.437
-56.9489
-24.1004
60.627
-99.0829
97.2744
70.8725
50.847
-38.1102
20.8917
-1.0838
-10.5638
-71.3855
26.1925
-84.3976
39.847
99.2059
-40.314
-75.6513
79.2391
44.3275
-44.9284
-23.2311
-23.4922
-79.3303
91.5608
40.9665
-25.8241
-41.7554
50.8129
-86.5835
12.9928
-95.3344
-55.0926
84.0408
52.0338
-72.5137
7.152
46.1869
-1.5566
65.2851
62.4915
-64.5669
18.1945
-72.2529
17.7943
43.6804
-64.1684
-59.2367
94.4904
7.7125
6.9617
-66.9583
8.1958
-91.1823
38.5681
79.811
20.8619
-3.9414
5.0334
59.0492
4.2285
25.9193
-62.0464
61.3863
-19.5296
60.6185
-39.4471
95.911
-89.079
-60.2686
44.0465
-75.7396
71.3026
70.874
45.8204
78.7562
-71.1286
76.1949
43.3011
-96.0421
30.6502
63.1506
-95.4347
80.4298
78.5677
-28.2164
-27.8325
-80.7473
92.3693
-20.4792
-46.2587
89.0656
-71.5938
-81.1961
31.9157
67.8896
-42.1084
-42.0116
20.7626
-81.0327
-41.7641
51.818
75.204
-21.4691
65.5298
-44.9951
20.2883
-97.9824
81.4895
-79.7423
45.2573
41.0914
-12.6507
5.8688
-74.3062
80.1329
32.8741
87.342
-54.6543
-28.0391
59.3412
-15.9668
-73.0488
52.2334
22.1124
46.5785
51.574
91.8238
60.2915
55.9179
-25.9804
64.785
-70.4484
57.0276
20.6855
9.8009
-78.7566
-7.975
26.7791
45.8562
-60.8412
-52.5492
18.2537
55.6134
60.2364
-84.2803
-30.4072
-67.5623
-54.3278
-71.7046
-0.2967
51.5606
67.6235
-91.9885
-32.2692
78.9329
48.451
79.3993
-95.3655
39.0775
-13.3509
17.0943
-33.2035
99.1475
-17.6635
-4.7432
-74.8532
48.5949
88.0871
2.8863
74.1289
-14.3778
64.9292
-79.3017
37.536
-92.6567
81.5776
-5.4312
16.6639
-83.7501
34.69
-28.9204
-62.3211
-75.8257
-89.2369
37.6932
38.5349
-18.6494
-13.9265
63.5487
25.1296
-83.8391
31.4517
-26.3256
47.9124
38.9451
93.2578
67.9862
-6.6275
14.5888
-83.0436
71.2545
-1.5934
15.6023
4.6787
-5.852
78.2112
92.4838
41.1813
64.3945
-85.6231
-81.1589
-4.1841
-6.058
13.2124
82.9345
16.4862
-39.3606
-34.8951
-49.3811
83.0362
-73.1535
-48.4825
54.7889
-69.0577
-43.1144
-12.5466
-20.8719
97.1661
66.5262
-57.1336
73.6865
-84.0102
-69.8353
-36.5659
-75.9798
-42.9694
10.9938
-56.7649
-23.1173
-52.885
-81.8445
-35.8647
90.6916
-9.6733
-46.2813
67.1171
-56.802
53.0138
33.7028
-82.0091
-50.8029
3.7584
83.8565
-16.3496
-28.6513
39.8273
-73.5879
-7.135
62.0618
-3.2262
-40.3229
70.9938
57.6453
-39.1939
-90.0746
-22.9205
10.2783
9.086
44.394
82.4075
-96.4747
-42.9105
31.8264
-13.6159
74.0719
72.1278
2.1413
26.64
31.3981
-95.9214
17.0462
67.7803
82.2065
16.9331
89.6685
94.8107
-2.5483
-99.4561
-55.3084
-98.5135
-34.6903
72.6111
71.7294
32.8389
-16.1698
85.037
73.5763
72.6148
43.9942
49.199
79.8014
-92.1028
-20.8512
37.2977
28.3019
99.3932
-27.8187
91.2981
-55.4085
-3.602
-36.2053
-75.6909
-83.1741
98.3083
22.2539
-47.7305
16.8337
-78.2162
48.6572
62.0361
-95.2658
-36.807
-9.5315
-11.1293
78.9966
97.4947
64.7599
-55.2659
89.1057
25.9463
17.0891
-50.0386
13.7004
0.782
-61.0731
54.7334
0.0834
22.1087
-31.695
-13.7315
-71.046
-68.5428
-66.1351
-14.0835
-43.8196
-18.1366
18.6042
-16.4932
86.6037
73.5724
16.8216
60.7722
98.3014
-23.8887
-51.6697
42.4502
37.3439
-67.0117
22.7279
47.437
-95.3452
59.9902
-41.7645
64.556
-52.2525
-84.479
93.5427
-90.4901
11.137
33.3204
45.9596
-93.1722
27.3853
-10.6467
-63.229
-29.8146
-28.1829
24.6568
-90.0001
52.023
-34.8296
98.5459
-43.5104
-2.2653
72.2467
-65.201
17.4351
-16.4058
-11.3417
73.3745
-37.8275
88.6904
69.3732
-58.8806
-15.3294
-66.1153
-47.6698
83.7208
46.0143
-79.6836
39.1399
10.6876
95.2457
11.1479
60.0501
-18.2309
9.1333
-99.59
-99.0948
-1.7518
-43.7444
70.1696
-39.4889
-10.5752
87.7645
-76.6828
14.2265
30.6191
77.1569
-91.3412
79.2114
-22.0112
9.6851
-16.4644
-56.9382
96.2669
-35.8556
-20.425
-12.5521
-62.6074
-2.7994
-0.926
25.4035
-6.5174
-88.0126
-57.165
-58.9567
7.8544
-53.0345
-18.586
68.3101
-64.7985
89.681
18.6609
38.1506
0.0447
